x
-1 1
1 0 4.54
2 0 14.28
3 0 5.1
4 0 42.81
5 0 9.09
6 0 5.88
7 0 7.27
8 0 6.06
9 0 5.26
10 0 18.18
11 0 2.61
12 0 9.67
13 0 5.55
14 0 10
15 0 4.41
16 0 20
17 0 7.14
18 0 9.09
19 0 18.75
20 0 18.18
21 0 10.71
22 0 17.1
23 0 5.45
24 0 9.75
25 0 20.83
26 0 16.66
27 0 33.33
28 0 9.09
29 0 14.28
30 0 4.76
31 0 12.5
32 0 4.76
33 0 8.33
34 0 4.76
35 0 20
36 0 4.76
37 0 6.89
38 0 8.33
39 0 9.75
40 0 4.76
41 0 7.14
42 0 14.28
43 0 3.57
44 0 20
45 0 21.42
46 0 22.05
47 0 2.12
48 0 10
49 0 4.385
50 0 9.752000000000001
51 0 4.081
52 0 32.478
53 0 6.003
54 0 7.407
55 1 1021.5
56 1 9989
57 1 15841
